[Field]
cube_size = 400
fill_dist = 1400
diffuse_color = 55, 100, 50
ambient_color = 0, 40, 30
ambient_increase = 0, 0, 0
empty_cube_frequency = 0.200000

[properties]
flag = rock_objects
flag = Object_density_low

;[Cube]

[DynamicAsteroids]
asteroid = uranium_asteroid30
count = 100
placement_radius = 1500.000000
placement_offset = 0.000000
max_velocity = 0.600000 
max_angular_velocity = 0.150000 
color_shift = 1.000000, 1.000000, 1.000000
; 0.400000, 0.400000, -0.200000, 10, 10, 60

[DynamicAsteroids]
asteroid = uranium_asteroid30
count = 100
placement_radius = 1500.000000
placement_offset = 0.000000
max_velocity = 0.600000 
max_angular_velocity = 0.150000 
color_shift = 1.000000, 1.000000, 1.000000
; -0.200000, -0.600000, 0.200000, 35, 10, 20

